213 468
-92
0 0
0 300
0
-89
0 0
50 350
0
-67
0 0
50 350
0
32
0 0
31 400
0
33
8 27
169 250
26
34
13 12
177 250
26
35
18 21
190 250
21
37
15 24
0 300
24
38
17 28
15 300
25
40
11 38
46 300
30
41
11 38
57 300
30
42
13 17
123 300
26
43
16 21
94 300
19
44
9 16
7 350
8
45
9 5
16 350
11
46
7 9
0 350
8
47
14 33
32 300
27
48
17 27
0 0
26
49
14 26
17 0
26
50
16 26
31 0
26
51
15 27
47 0
26
52
16 26
62 0
26
53
16 27
78 0
26
54
16 27
94 0
26
55
16 26
110 0
26
56
16 27
126 0
26
57
16 27
142 0
26
58
7 20
58 350
19
59
8 26
50 350
18
60
11 17
25 350
19
61
12 14
68 300
15
62
11 17
36 350
19
63
14 27
80 300
26
65
23 26
51 150
26
66
19 26
74 150
26
67
19 27
93 150
26
68
20 26
112 150
26
69
18 26
132 150
26
70
18 26
150 150
26
71
22 27
168 150
26
72
21 26
190 150
26
73
10 26
0 200
26
74
13 34
10 200
26
75
22 26
23 200
26
76
17 26
45 200
26
77
28 26
62 200
26
78
22 26
90 200
26
79
21 27
112 200
26
80
18 26
133 200
26
81
21 30
151 200
26
82
21 27
172 200
26
83
20 27
193 200
26
84
20 26
0 250
26
85
21 27
20 250
26
86
23 26
41 250
26
87
30 26
64 250
26
88
23 26
94 250
26
89
20 26
117 250
26
90
20 26
137 250
26
91
8 38
0 400
30
92
13 33
110 300
27
93
7 38
8 400
30
94
0 0
0 350
0
95
16 3
15 400
-1
97
17 21
158 0
20
98
18 29
0 50
28
99
15 20
18 50
19
100
18 29
33 50
28
101
15 20
51 50
19
102
12 28
66 50
28
103
18 27
78 50
19
104
18 28
96 50
28
105
9 27
114 50
27
106
10 35
123 50
27
107
17 28
133 50
28
108
9 28
150 50
28
109
25 19
0 100
19
110
18 19
25 100
19
111
16 20
43 100
19
112
18 27
59 100
19
113
18 28
77 100
19
114
12 19
95 100
19
115
14 20
107 100
19
116
10 25
121 100
24
117
18 20
131 100
19
118
18 19
149 100
19
119
25 19
167 100
19
120
18 19
0 150
19
121
18 28
18 150
19
122
15 19
36 150
19
124
3 34
47 350
30
126
12 7
157 250
13
