606 1196
-92
1 1
0 780
0
-89
1 1
142 910
0
-67
1 1
143 910
0
32
1 1
89 1040
0
33
21 59
485 650
59
34
36 26
506 650
59
35
51 46
542 650
47
37
42 55
1 780
55
38
50 62
43 780
56
40
29 87
132 780
69
41
29 87
161 780
69
42
36 36
351 780
59
43
46 46
267 780
43
44
24 34
21 910
17
45
26 12
45 910
26
46
20 19
1 910
19
47
39 76
93 780
62
48
48 62
0 0
60
49
38 59
48 0
59
50
46 60
86 0
60
51
43 62
132 0
60
52
47 59
175 0
59
53
46 61
222 0
59
54
47 61
268 0
60
55
46 59
315 0
59
56
45 62
361 0
60
57
47 62
406 0
61
58
19 45
168 910
44
59
24 59
144 910
42
60
31 37
71 910
42
61
35 31
190 780
35
62
31 37
102 910
42
63
42 61
225 780
61
65
67 59
145 390
59
66
55 59
212 390
59
67
55 62
267 390
60
68
58 59
322 390
59
69
51 59
380 390
59
70
50 59
431 390
59
71
63 61
481 390
60
72
60 59
544 390
59
73
28 59
0 520
59
74
36 77
28 520
59
75
64 59
64 520
59
76
47 59
128 520
59
77
80 59
175 520
59
78
64 59
255 520
59
79
60 63
319 520
61
80
51 59
379 520
59
81
61 68
430 520
59
82
59 60
491 520
59
83
56 63
550 520
61
84
57 59
0 650
59
85
60 61
57 650
59
86
67 59
117 650
59
87
87 59
184 650
59
88
66 59
271 650
59
89
58 59
337 650
59
90
56 59
395 650
59
91
22 87
0 1040
69
92
38 76
313 780
62
93
21 87
22 1040
69
94
1 1
0 910
0
95
46 6
43 1040
-3
97
48 47
453 0
45
98
52 64
0 130
63
99
44 45
52 130
43
100
52 64
96 130
63
101
45 46
148 130
44
102
33 65
193 130
65
103
53 61
226 130
43
104
52 63
279 130
63
105
24 63
331 130
63
106
27 81
355 130
63
107
50 63
382 130
63
108
25 63
432 130
63
109
73 44
0 260
44
110
51 44
73 260
44
111
48 46
124 260
44
112
51 61
172 260
43
113
51 63
223 260
43
114
32 45
274 260
45
115
40 44
306 260
43
116
28 57
346 260
55
117
51 44
374 260
42
118
52 42
425 260
42
119
73 42
477 260
42
120
52 42
0 390
42
121
51 62
52 390
42
122
42 42
103 390
42
124
9 78
133 910
69
126
34 15
451 650
30
