206 444
-92
14 21
0 300
23
-89
14 21
80 350
23
-67
14 21
94 350
23
32
0 0
42 400
0
33
14 21
164 250
23
34
14 21
178 250
23
35
14 21
192 250
23
37
14 21
14 300
23
38
14 21
28 300
23
40
14 21
56 300
23
41
14 21
70 300
23
42
14 21
143 300
23
43
14 21
115 300
23
44
6 8
18 350
4
45
14 21
24 350
23
46
4 4
14 350
4
47
14 21
42 300
23
48
18 25
0 0
25
49
6 25
18 0
25
50
15 25
24 0
25
51
15 25
39 0
25
52
14 21
54 0
23
53
16 25
68 0
25
54
16 25
84 0
25
55
16 25
100 0
25
56
16 25
116 0
25
57
16 25
132 0
25
58
4 19
114 350
19
59
6 23
108 350
19
60
14 21
38 350
23
61
14 21
84 300
23
62
14 21
52 350
23
63
17 25
98 300
25
65
21 25
47 150
25
66
18 25
68 150
25
67
21 25
86 150
25
68
19 25
107 150
25
69
17 25
126 150
25
70
17 25
143 150
25
71
20 25
160 150
25
72
18 25
180 150
25
73
3 25
0 200
25
74
18 25
3 200
25
75
20 25
21 200
25
76
16 25
41 200
25
77
23 26
57 200
25
78
18 25
80 200
25
79
21 25
98 200
25
80
18 25
119 200
25
81
21 29
137 200
25
82
18 25
158 200
25
83
18 25
176 200
25
84
18 25
0 250
25
85
18 25
18 250
25
86
21 25
36 250
25
87
33 25
57 250
25
88
21 25
90 250
25
89
21 25
111 250
25
90
18 25
132 250
25
91
14 21
0 400
23
92
14 21
129 300
23
93
14 21
14 400
23
94
14 21
0 350
23
95
14 21
28 400
23
97
15 20
148 0
19
98
17 25
0 50
25
99
16 19
17 50
19
100
16 25
33 50
25
101
16 19
49 50
19
102
11 27
65 50
27
103
16 25
76 50
19
104
16 25
92 50
25
105
4 27
108 50
27
106
4 33
112 50
27
107
17 25
116 50
25
108
4 25
133 50
25
109
27 19
0 100
19
110
16 19
27 100
19
111
16 19
43 100
19
112
17 25
59 100
20
113
16 24
76 100
19
114
14 19
92 100
19
115
14 19
106 100
19
116
11 25
120 100
25
117
16 19
131 100
19
118
17 19
147 100
19
119
26 19
164 100
19
120
16 19
0 150
19
121
17 24
16 150
19
122
14 19
33 150
19
124
14 21
66 350
23
126
14 21
150 250
23
